Vertex: 20
Edges: 200
Adjacency List:
0: [2, 3, 4, 5, 7, 10, 13, 16, 18, 19]
1: [4, 5, 8, 9, 14, 16, 17, 19]
2: [0, 1, 3, 4, 6, 11, 12, 13, 15, 17, 19]
3: [4, 5, 6, 7, 10, 15, 16, 17]
4: [3, 6, 7, 8, 9, 10, 12, 13, 15, 16, 19]
5: [0, 2, 11, 14, 15, 17, 19]
6: [3, 4, 7, 8, 9, 11, 12, 13, 14, 15, 17, 18]
7: [0, 1, 2, 3, 4, 8, 10, 11, 13, 14, 16, 17, 18, 19]
8: [2, 6, 7, 10, 12, 13, 14, 15, 18, 19]
9: [0, 1, 2, 3, 4, 6, 8, 10, 11, 14, 16, 19]
10: [1, 3, 7, 8, 9, 15, 16, 17, 19]
11: [0, 1, 2, 3, 4, 7, 9, 13, 14, 17, 19]
12: [0, 2, 4, 6, 8, 9, 10, 13, 15, 18]
13: [2, 3, 5, 6, 9, 15, 16, 17]
14: [0, 1, 4, 5, 7, 8, 11, 15, 17]
15: [2, 4, 10, 11, 12, 13, 14, 16]
16: [0, 2, 3, 6, 8, 9, 11, 12, 13, 14, 19]
17: [0, 1, 2, 3, 4, 8, 9, 10, 12, 13, 19]
18: [0, 4, 5, 8, 11, 12, 14, 15, 19]
19: [0, 2, 5, 6, 7, 8, 9, 11, 13, 14, 15]
