18
95
0 2 263
0 5 98
0 6 68
0 7 59
0 8 19
0 10 19
0 13 56
0 15 70
0 17 84
1 2 102
1 3 38
1 4 106
1 5 122
1 9 24
1 11 12
1 12 70
2 0 263
2 1 101
2 12 45
2 14 26
2 16 52
3 1 36
3 4 134
3 5 106
3 9 36
4 1 103
4 3 130
4 5 90
4 16 47
5 0 97
5 1 124
5 3 106
5 4 90
5 7 107
5 8 108
5 10 105
5 12 158
5 13 62
5 15 52
6 0 67
6 7 24
6 8 62
6 10 77
6 17 16
7 0 58
7 5 110
7 6 24
7 8 53
7 10 68
7 13 48
7 15 52
8 0 20
8 5 110
8 6 64
8 7 55
8 13 55
8 17 80
9 1 25
9 3 36
9 11 19
10 0 16
10 5 105
10 6 78
10 7 68
10 13 64
10 15 77
10 17 94
11 1 11
11 9 18
11 12 70
11 14 102
12 1 69
12 2 45
12 5 157
12 14 43
13 0 56
13 5 63
13 7 46
13 8 55
13 10 65
13 15 17
14 2 25
14 11 102
14 12 43
15 0 69
15 5 53
15 7 52
15 10 77
15 13 17
16 2 52
16 4 48
17 0 83
17 6 16
17 8 78
17 10 93
